﻿Fecha;Valor hoy;Valor ayer;Variación absoluta;Variación porcentual;Variación 12 meses;Variación año
2020/08/26;1,227.31;1,230.56;-3.25;-0.26%;-20.13;-26.17
2020/08/27;1,225.22;1,227.31;-2.09;-0.17%;-20.56;-26.29
2020/08/28;1,226.21;1,225.22;0.99;0.08%;-21.37;-26.23
2020/08/31;1,216.03;1,226.21;-10.18;-0.83%;-22.08;-26.85
2020/09/01;1,255.76;1,216.03;39.73;3.27%;-19.57;-24.46
2020/09/02;1,258.16;1,255.76;2.40;0.19%;-19.65;-24.31
2020/09/03;1,246.82;1,258.16;-11.34;-0.90%;-20.45;-24.99
2020/09/04;1,240.24;1,246.82;-6.58;-0.53%;-20.87;-25.39
2020/09/07;1,242.98;1,240.24;2.74;0.22%;-21.16;-25.23
2020/09/08;1,232.34;1,242.98;-10.64;-0.86%;-21.64;-25.87
2020/09/09;1,239.93;1,232.34;7.59;0.62%;-21.80;-25.41
2020/09/10;1,219.67;1,239.93;-20.26;-1.63%;-23.17;-26.63
2020/09/11;1,212.45;1,219.67;-7.22;-0.59%;-23.29;-27.06
2020/09/14;1,199.65;1,212.45;-12.80;-1.06%;-25.05;-27.83
2020/09/15;1,193.71;1,199.65;-5.94;-0.50%;-25.29;-28.19
2020/09/16;1,195.95;1,193.71;2.24;0.19%;-25.12;-28.05
2020/09/17;1,192.53;1,195.95;-3.42;-0.29%;-25.19;-28.26
2020/09/18;1,206.55;1,192.53;14.02;1.18%;-24.31;-27.42
2020/09/21;1,197.55;1,206.55;-9.00;-0.75%;-25.01;-27.96
2020/09/22;1,187.73;1,197.55;-9.82;-0.82%;-25.35;-28.55
2020/09/23;1,179.38;1,187.73;-8.35;-0.70%;-26.12;-29.05
2020/09/24;1,180.49;1,179.38;1.11;0.09%;-26.28;-28.98
2020/09/25;1,171.35;1,180.49;-9.14;-0.77%;-26.09;-29.53
2020/09/28;1,176.66;1,171.35;5.31;0.45%;-25.43;-29.22
2020/09/29;1,165.75;1,176.66;-10.91;-0.93%;-26.33;-29.87
2020/09/30;1,171.92;1,165.75;6.17;0.53%;-25.58;-29.50
2020/10/01;1,162.36;1,171.92;-9.56;-0.82%;-26.83;-30.08
2020/10/02;1,165.01;1,162.36;2.65;0.23%;-26.86;-29.92
2020/10/05;1,168.04;1,165.01;3.03;0.26%;-26.85;-29.73
2020/10/06;1,168.93;1,168.04;0.89;0.08%;-26.47;-29.68
2020/10/07;1,174.49;1,168.93;5.56;0.48%;-26.10;-29.35
2020/10/08;1,186.42;1,174.49;11.93;1.02%;-25.07;-28.63
2020/10/09;1,190.01;1,186.42;3.59;0.30%;-25.19;-28.41
2020/10/13;1,170.72;1,190.01;-19.29;-1.62%;-25.85;-29.57
2020/10/14;1,171.36;1,170.72;0.64;0.05%;-25.84;-29.53
2020/10/15;1,166.01;1,171.36;-5.35;-0.46%;-26.13;-29.86
2020/10/16;1,171.80;1,166.01;5.79;0.50%;-25.77;-29.51
2020/10/19;1,174.94;1,171.80;3.14;0.27%;-26.45;-29.32
2020/10/20;1,187.39;1,174.94;12.45;1.06%;-26.40;-28.57
2020/10/21;1,177.92;1,187.39;-9.47;-0.80%;-26.98;-29.14
2020/10/22;1,177.89;1,177.92;-0.03;0.00%;-27.11;-29.14
2020/10/23;1,175.33;1,177.89;-2.56;-0.22%;-27.82;-29.30
2020/10/26;1,177.09;1,175.33;1.76;0.15%;-27.42;-29.19
2020/10/27;1,162.58;1,177.09;-14.51;-1.23%;-28.81;-30.06
2020/10/28;1,120.37;1,162.58;-42.21;-3.63%;-31.43;-32.60
2020/10/29;1,131.27;1,120.37;10.90;0.97%;-30.73;-31.95
2020/10/30;1,136.75;1,131.27;5.48;0.48%;-30.93;-31.62
2020/11/03;1,151.37;1,136.75;14.62;1.29%;-30.87;-30.74
2020/11/04;1,156.41;1,151.37;5.04;0.44%;-30.21;-30.43
2020/11/05;1,163.03;1,156.41;6.62;0.57%;-29.75;-30.03
2020/11/06;1,172.34;1,163.03;9.31;0.80%;-28.35;-29.47
2020/11/09;1,213.69;1,172.34;41.35;3.53%;-25.63;-26.99
2020/11/10;1,213.39;1,213.69;-0.30;-0.02%;-25.65;-27.01
2020/11/11;1,220.06;1,213.39;6.67;0.55%;-24.88;-26.60
2020/11/12;1,207.21;1,220.06;-12.85;-1.05%;-25.19;-27.38
2020/11/13;1,209.87;1,207.21;2.66;0.22%;-25.64;-27.22
2020/11/17;1,230.73;1,209.87;20.86;1.72%;-23.44;-25.96
2020/11/18;1,234.56;1,230.73;3.83;0.31%;-22.86;-25.73
2020/11/19;1,230.81;1,234.56;-3.75;-0.30%;-23.05;-25.96
2020/11/20;1,239.74;1,230.81;8.93;0.73%;-23.18;-25.42
2020/11/23;1,247.94;1,239.74;8.20;0.66%;-22.04;-24.93
2020/11/24;1,270.61;1,247.94;22.67;1.82%;-20.42;-23.56
2020/11/25;1,263.65;1,270.61;-6.96;-0.55%;-20.39;-23.98
2020/11/26;1,263.04;1,263.65;-0.61;-0.05%;-21.23;-24.02
2020/11/27;1,261.74;1,263.04;-1.30;-0.10%;-21.72;-24.10
2020/11/30;1,258.00;1,261.74;-3.74;-0.30%;-21.29;-24.32
2020/12/01;1,285.12;1,258.00;27.12;2.16%;-19.16;-22.69
2020/12/02;1,288.49;1,285.12;3.37;0.26%;-20.07;-22.49
2020/12/03;1,298.13;1,288.49;9.64;0.75%;-19.60;-21.91
2020/12/04;1,341.23;1,298.13;43.10;3.32%;-16.78;-19.32
2020/12/07;1,363.74;1,341.23;22.51;1.68%;-15.05;-17.96
2020/12/09;1,383.59;1,363.74;19.85;1.46%;-13.81;-16.77
2020/12/10;1,368.49;1,383.59;-15.10;-1.09%;-15.45;-17.68
2020/12/11;1,377.67;1,368.49;9.18;0.67%;-15.52;-17.12
2020/12/14;1,389.31;1,377.67;11.64;0.84%;-14.87;-16.42
2020/12/15;1,408.02;1,389.31;18.71;1.35%;-13.35;-15.30
2020/12/16;1,421.47;1,408.02;13.45;0.96%;-13.09;-14.49
2020/12/17;1,443.59;1,421.47;22.12;1.56%;-12.33;-13.16
2020/12/18;1,426.47;1,443.59;-17.12;-1.19%;-13.17;-14.19
2020/12/21;1,377.38;1,426.47;-49.09;-3.44%;-17.27;-17.14
2020/12/22;1,400.91;1,377.38;23.53;1.71%;-15.94;-15.73
2020/12/23;1,416.62;1,400.91;15.71;1.12%;-14.65;-14.78
2020/12/24;1,422.21;1,416.62;5.59;0.39%;-14.31;-14.44
2020/12/28;1,431.05;1,422.21;8.84;0.62%;-13.91;-13.91
2020/12/29;1,450.72;1,431.05;19.67;1.37%;-12.54;-12.73
2020/12/30;1,437.89;1,450.72;-12.83;-0.88%;-13.31;-13.50
2021/01/04;1,418.01;1,437.89;-19.88;-1.38%;-14.77;-1.38
2021/01/05;1,431.73;1,418.01;13.72;0.97%;-13.94;-0.42
2021/01/06;1,436.03;1,431.73;4.30;0.30%;-13.33;-0.12
2021/01/07;1,435.74;1,436.03;-0.29;-0.02%;-13.17;-0.14
2021/01/08;1,453.12;1,435.74;17.38;1.21%;-12.19;1.05
2021/01/12;1,461.73;1,453.12;8.61;0.59%;-11.58;1.65
2021/01/13;1,456.03;1,461.73;-5.70;-0.39%;-11.69;1.26
2021/01/14;1,467.12;1,456.03;11.09;0.76%;-10.96;2.03
2021/01/15;1,452.58;1,467.12;-14.54;-0.99%;-12.28;1.02
2021/01/18;1,454.50;1,452.58;1.92;0.13%;-12.18;1.15
2021/01/19;1,459.41;1,454.50;4.91;0.34%;-11.73;1.49
2021/01/20;1,459.85;1,459.41;0.44;0.03%;-11.54;1.52
2021/01/21;1,446.23;1,459.85;-13.62;-0.93%;-12.25;0.58
2021/01/22;1,418.98;1,446.23;-27.25;-1.88%;-13.89;-1.31
2021/01/25;1,397.65;1,418.98;-21.33;-1.50%;-13.93;-2.79
2021/01/26;1,402.25;1,397.65;4.60;0.33%;-13.68;-2.47
2021/01/27;1,374.85;1,402.25;-27.40;-1.95%;-15.85;-4.38
2021/01/28;1,367.20;1,374.85;-7.65;-0.56%;-16.53;-4.91
2021/01/29;1,348.12;1,367.20;-19.08;-1.40%;-16.97;-6.24
2021/02/01;1,357.16;1,348.12;9.04;0.67%;-16.49;-5.61
2021/02/02;1,368.30;1,357.16;11.14;0.82%;-16.76;-4.83
2021/02/03;1,359.03;1,368.30;-9.27;-0.68%;-17.94;-5.48
2021/02/04;1,359.63;1,359.03;0.60;0.04%;-17.79;-5.44
2021/02/05;1,370.46;1,359.63;10.83;0.80%;-17.17;-4.68
2021/02/08;1,383.38;1,370.46;12.92;0.94%;-15.81;-3.79
2021/02/09;1,380.29;1,383.38;-3.09;-0.22%;-16.10;-4.00
2021/02/10;1,374.20;1,380.29;-6.09;-0.44%;-17.19;-4.42
2021/02/11;1,367.79;1,374.20;-6.41;-0.47%;-17.75;-4.87
2021/02/12;1,365.95;1,367.79;-1.84;-0.13%;-17.93;-5.00
2021/02/15;1,369.39;1,365.95;3.44;0.25%;-17.77;-4.76
2021/02/16;1,363.17;1,369.39;-6.22;-0.45%;-18.14;-5.19
2021/02/17;1,366.29;1,363.17;3.12;0.23%;-18.49;-4.97
2021/02/18;1,353.68;1,366.29;-12.61;-0.92%;-18.92;-5.85
2021/02/19;1,352.57;1,353.68;-1.11;-0.08%;-17.09;-5.93
2021/02/22;1,352.21;1,352.57;-0.36;-0.03%;-16.66;-5.95
2021/02/23;1,355.24;1,352.21;3.03;0.22%;-15.95;-5.74
2021/02/24;1,370.75;1,355.24;15.51;1.14%;-13.77;-4.66
2021/02/25;1,335.79;1,370.75;-34.96;-2.55%;-14.19;-7.10
2021/02/26;1,359.48;1,335.79;23.69;1.77%;-12.26;-5.45
